ROW 301 0.1 1 -8.957508644e-08 1.168418212e-08 31.9896 0.99976
ROW 304 0.1 1 4.268915138e-08 1.189140663e-08 31.9896 0.995493
ROW 303 0.1 1 2.059024265e-08 1.167239121e-08 31.9896 1.00003
ROW 302 0.1 1 1.464430041e-07 1.161674256e-08 31.9896 1.00127
ROW 307 0.1 1 -1.340426327e-08 1.166326186e-08 31.9896 1.00012
ROW 308 0.1 1 2.309536905e-08 1.165314547e-08 31.9896 1.00032
ROW 306 0.1 1 -1.175929942e-07 1.174234968e-08 31.9896 0.998581
ROW 305 0.1 1 -7.364650418e-08 1.162472086e-08 31.9896 1.00113
ROW 309 0.1 1 -2.531545290e-08 1.178602269e-08 31.9896 0.997622
ROW 312 0.1 1 -5.737425499e-09 1.166264425e-08 31.9896 1.00028
ROW 310 0.1 1 1.864882233e-08 1.166703551e-08 31.9896 1.00019
ROW 311 0.1 1 3.117693643e-07 1.154693106e-08 31.9896 1.00269
ROW 313 0.1 1 1.394891178e-08 1.160305238e-08 31.9896 1.00145
ROW 314 0.1 1 -3.519481199e-09 1.169901468e-08 31.9896 0.999344
ROW 315 0.1 1 -5.105969385e-08 1.155476101e-08 31.9896 1.00248
ROW 316 0.1 1 -7.213485159e-08 1.171367061e-08 31.9896 0.999071
ROW 301 0.1 0.3 -4.466634106e-06 1.441704870e-06 32.0000 0.999822
ROW 302 0.1 0.3 1.079783977e-05 1.413111749e-06 32.0000 1.00469
ROW 303 0.1 0.3 1.105083838e-06 1.440248536e-06 32.0000 1.00016
ROW 304 0.1 0.3 3.727259131e-06 1.525201705e-06 32.0000 0.986245
ROW 306 0.1 0.3 -7.845352502e-06 1.469441434e-06 32.0000 0.995303
ROW 305 0.1 0.3 -4.212846775e-06 1.440644502e-06 32.0000 1.00015
ROW 307 0.1 0.3 -1.178472300e-06 1.437224162e-06 32.0000 1.00037
ROW 308 0.1 0.3 1.085116285e-06 1.432839879e-06 32.0000 1.00115
ROW 309 0.1 0.3 -1.844062944e-06 1.488810944e-06 32.0000 0.992016
ROW 310 0.1 0.3 1.412414845e-06 1.438209005e-06 32.0000 1.00065
ROW 311 0.1 0.3 2.106911153e-05 1.389286600e-06 32.0000 1.00909
ROW 312 0.1 0.3 -3.722852040e-07 1.436743698e-06 32.0000 1.00092
ROW 313 0.1 0.3 1.157076772e-06 1.417360751e-06 32.0000 1.00403
ROW 314 0.1 0.3 3.241882573e-07 1.449761214e-06 32.0000 0.998115
ROW 315 0.1 0.3 -3.249367145e-06 1.393425451e-06 32.0000 1.00816
ROW 316 0.1 0.3 -5.402178111e-06 1.457410042e-06 32.0000 0.997166
ROW 302 0.1 0.1 4.905085706e-04 1.097388986e-04 32.0000 1.01429
ROW 301 0.1 0.1 1.686224467e-04 1.129040406e-04 32.0000 1.0069
ROW 303 0.1 0.1 1.229154937e-05 1.153332955e-04 32.0000 1.00189
ROW 304 0.1 0.1 2.211058239e-04 1.397598971e-04 32.0000 0.956515
ROW 306 0.1 0.1 -3.234429137e-04 1.231655579e-04 32.0000 0.986639
ROW 305 0.1 0.1 3.351513805e-04 1.016825142e-04 32.0000 1.03632
ROW 308 0.1 0.1 5.578233228e-05 1.143290446e-04 32.0000 1.00464
ROW 307 0.1 0.1 -5.381440684e-05 1.159006506e-04 32.0000 1.00067
ROW 309 0.1 0.1 -7.111249174e-05 1.282923731e-04 32.0000 0.976732
ROW 310 0.1 0.1 5.629618008e-05 1.159977726e-04 32.0000 1.00176
ROW 311 0.1 0.1 9.484574974e-04 1.046515899e-04 32.0000 1.02719
ROW 312 0.1 0.1 1.982074409e-05 1.158989943e-04 32.0000 1.00163
ROW 313 0.1 0.1 5.829355183e-05 1.179017948e-04 32.0000 0.997291
ROW 314 0.1 0.1 3.581450693e-05 1.180619059e-04 32.0000 0.995954
ROW 315 0.1 0.1 -1.223901282e-04 1.040385899e-04 32.0000 1.02858
ROW 316 0.1 0.1 -2.819982626e-04 1.201683429e-04 32.0000 0.992876
ROW 302 0.1 0.03 1.497182817e-02 1.366174440e-02 32.0000 1.0092
ROW 301 0.1 0.03 1.131454026e-01 6.430134792e-03 32.0000 1.21973
ROW 304 0.1 0.03 -5.349168360e-04 1.223241268e-02 32.0000 1.03198
ROW 303 0.1 0.03 5.038871404e-03 1.253772510e-02 32.0000 1.02753
ROW 305 0.1 0.03 7.933898684e-02 1.183396959e-02 32.0000 1.04619
ROW 306 0.1 0.03 2.789966477e-03 1.206316857e-02 32.0000 1.03974
ROW 307 0.1 0.03 4.862930478e-03 1.296838142e-02 32.0000 1.02008
ROW 308 0.1 0.03 1.038201901e-02 1.329754647e-02 32.0000 1.01754
ROW 309 0.1 0.03 -4.177736298e-04 1.436665950e-02 32.0000 0.99419
ROW 310 0.1 0.03 -2.744224499e-03 1.347961010e-02 32.0000 1.00721
ROW 311 0.1 0.03 1.620138275e-02 1.192567630e-02 32.0000 1.04121
ROW 312 0.1 0.03 4.014203046e-04 1.334120796e-02 32.0000 1.01249
ROW 313 0.1 0.03 -3.298114928e-03 1.165211513e-02 32.0000 1.04805
ROW 315 0.1 0.03 5.474207646e-03 1.856423622e-02 32.0000 0.933104
ROW 314 0.1 0.03 -9.246538414e-03 1.566480998e-02 32.0000 0.970225
ROW 316 0.1 0.03 -1.762925062e-02 1.560226833e-02 32.0000 0.972681
ROW 301 0.3 1 -2.427500544e-07 1.169800696e-08 31.9896 0.99945
ROW 302 0.3 1 4.794105968e-07 1.147813934e-08 31.9896 1.00413
ROW 303 0.3 1 4.661682669e-08 1.167035753e-08 31.9896 1.00012
ROW 304 0.3 1 1.600888958e-07 1.230536425e-08 31.9896 0.987253
ROW 305 0.3 1 -2.305630147e-07 1.156861246e-08 31.9896 1.00257
ROW 306 0.3 1 -3.527470051e-07 1.188542975e-08 31.9896 0.995705
ROW 307 0.3 1 -5.276279795e-08 1.164796709e-08 31.9896 1.00032
ROW 308 0.3 1 4.827621974e-08 1.161577008e-08 31.9896 1.00103
ROW 309 0.3 1 -8.066618670e-08 1.202207567e-08 31.9896 0.992817
ROW 310 0.3 1 5.971010614e-08 1.165556872e-08 31.9896 1.00056
ROW 311 0.3 1 9.437686672e-07 1.129476832e-08 31.9896 1.00822
ROW 312 0.3 1 -1.597446169e-08 1.164544692e-08 31.9896 1.0008
ROW 313 0.3 1 5.276689424e-08 1.150012971e-08 31.9896 1.00366
ROW 314 0.3 1 8.947006783e-09 1.174230830e-08 31.9896 0.99822
ROW 315 0.3 1 -1.431629149e-07 1.132088631e-08 31.9896 1.0075
ROW 316 0.3 1 -2.338682596e-07 1.179550691e-08 31.9896 0.997388
ROW 301 0.3 0.3 -8.796300059e-06 1.433837362e-06 32.0000 1.00136
ROW 302 0.3 0.3 3.541385185e-05 1.355956202e-06 32.0000 1.01482
ROW 303 0.3 0.3 8.605355278e-07 1.434923149e-06 32.0000 1.00105
ROW 304 0.3 0.3 1.634818612e-05 1.695348577e-06 32.0000 0.961305
ROW 305 0.3 0.3 9.555704074e-06 1.422757564e-06 32.0000 1.00246
ROW 306 0.3 0.3 -2.348567374e-05 1.531136752e-06 32.0000 0.985589
ROW 307 0.3 0.3 -4.748934217e-06 1.435271778e-06 32.0000 1.00062
ROW 308 0.3 0.3 1.422093717e-06 1.418955569e-06 32.0000 1.00412
ROW 309 0.3 0.3 -4.703953220e-06 1.576778996e-06 32.0000 0.978173
ROW 310 0.3 0.3 4.934816246e-06 1.432401554e-06 32.0000 1.00201
ROW 311 0.3 0.3 6.501343422e-05 1.285488790e-06 32.0000 1.02898
ROW 312 0.3 0.3 -6.194986379e-07 1.432117047e-06 32.0000 1.00226
ROW 313 0.3 0.3 3.886430604e-06 1.444850152e-06 32.0000 0.999877
ROW 314 0.3 0.3 2.148797745e-06 1.454158232e-06 32.0000 0.997855
ROW 315 0.3 0.3 -7.317838242e-06 1.292275595e-06 32.0000 1.02706
ROW 316 0.3 0.3 -1.714165109e-05 1.481170889e-06 32.0000 0.993616
ROW 301 0.3 0.1 1.303656506e-03 1.043583853e-04 32.0000 1.02931
ROW 302 0.3 0.1 9.694431744e-04 1.087375531e-04 32.0000 1.01623
ROW 304 0.3 0.1 6.700105852e-04 8.951348875e-05 32.0000 1.06728
ROW 303 0.3 0.1 1.060262049e-04 1.113289997e-04 32.0000 1.01016
ROW 305 0.3 0.1 2.789906899e-03 8.814779729e-05 32.0000 1.07431
ROW 306 0.3 0.1 -1.118450110e-03 1.369264025e-04 32.0000 0.960789
ROW 307 0.3 0.1 5.253156370e-05 1.171405317e-04 32.0000 1.0001
ROW 308 0.3 0.1 2.825907984e-04 1.122224346e-04 32.0000 1.01151
ROW 309 0.3 0.1 1.350599080e-04 1.323945621e-04 32.0000 0.966498
ROW 310 0.3 0.1 2.494117176e-04 1.143762002e-04 32.0000 1.00619
ROW 311 0.3 0.1 3.115205549e-03 8.066222275e-05 32.0000 1.09553
ROW 312 0.3 0.1 1.423657126e-04 1.163530560e-04 32.0000 0.998888
ROW 313 0.3 0.1 2.947284623e-04 1.070779974e-04 32.0000 1.02211
ROW 315 0.3 0.1 4.543526386e-05 1.032781778e-04 32.0000 1.02827
ROW 314 0.3 0.1 2.428066345e-04 1.073135100e-04 32.0000 1.02052
ROW 316 0.3 0.1 -9.544783311e-04 1.212676369e-04 32.0000 0.988557
ROW 301 0.3 0.03 2.386948695e-01 3.472493242e-03 32.0000 1.41783
ROW 302 0.3 0.03 4.370833244e-02 9.114462004e-03 32.0000 1.11737
ROW 303 0.3 0.03 -2.907984854e-03 1.450886390e-02 32.0000 0.996194
ROW 304 0.3 0.03 -3.102606319e-02 1.604162291e-02 32.0000 0.974973
ROW 305 0.3 0.03 2.843222030e-02 7.547060442e-03 32.0000 1.17639
ROW 306 0.3 0.03 1.723904320e-02 1.339642121e-02 32.0000 1.01491
ROW 307 0.3 0.03 1.728259680e-02 1.221680231e-02 32.0000 1.03438
ROW 308 0.3 0.03 8.796657539e-03 1.377180709e-02 32.0000 1.01331
ROW 309 0.3 0.03 5.151815396e-02 4.285146993e-03 32.0000 1.35874
ROW 310 0.3 0.03 -1.693391526e-02 1.421781067e-02 32.0000 0.998824
ROW 311 0.3 0.03 1.890873836e-01 4.138423714e-03 32.0000 1.36515
ROW 312 0.3 0.03 1.163206467e-02 1.222166966e-02 32.0000 1.02473
ROW 313 0.3 0.03 3.786740775e-02 5.486802030e-03 32.0000 1.26161
ROW 301 1 1 -5.483908799e-07 1.166170532e-08 31.9896 1.00024
ROW 314 0.3 0.03 -5.365513763e-03 1.054778134e-02 32.0000 1.06761
ROW 315 0.3 0.03 1.551255248e-02 1.169590493e-02 32.0000 1.05817
ROW 302 1 1 1.765028695e-06 1.098864762e-08 31.9896 1.01473
ROW 303 1 1 3.311977451e-08 1.162515330e-08 31.9896 1.00102
ROW 304 1 1 8.082967936e-07 1.378299947e-08 31.9896 0.960504
ROW 316 0.3 0.03 -2.202967518e-02 1.488072569e-02 32.0000 0.975632
ROW 305 1 1 3.682862893e-07 1.167463239e-08 31.9896 0.99918
ROW 306 1 1 -1.174714365e-06 1.241577706e-08 31.9896 0.985374
ROW 307 1 1 -2.321082553e-07 1.163201309e-08 31.9896 1.00056
ROW 308 1 1 7.463927855e-08 1.149820926e-08 31.9896 1.0041
ROW 309 1 1 -2.374255198e-07 1.278916902e-08 31.9896 0.97794
ROW 310 1 1 2.373298470e-07 1.160765955e-08 31.9896 1.00197
ROW 311 1 1 3.240706913e-06 1.040556340e-08 31.9896 1.02914
ROW 312 1 1 -2.592222767e-08 1.160829302e-08 31.9896 1.00215
ROW 313 1 1 1.978669673e-07 1.172833435e-08 31.9896 0.999397
ROW 314 1 1 1.047201946e-07 1.178873641e-08 31.9896 0.997634
ROW 315 1 1 -3.515222860e-07 1.045028259e-08 31.9896 1.02759
ROW 316 1 1 -8.439701631e-07 1.200648748e-08 31.9896 0.993519
ROW 301 1 0.3 1.280021191e-05 1.416910247e-06 32.0000 1.00217
ROW 302 1 0.3 5.666211830e-05 1.327229327e-06 32.0000 1.02297
ROW 303 1 0.3 6.819634559e-06 1.374037523e-06 32.0000 1.00957
ROW 304 1 0.3 5.683740743e-05 9.527825544e-07 32.0000 1.10769
ROW 305 1 0.3 1.948717628e-04 5.864710653e-07 32.0000 1.24804
ROW 306 1 0.3 -9.065089562e-05 1.752902577e-06 32.0000 0.952399
ROW 307 1 0.3 5.707843362e-06 1.458083451e-06 32.0000 0.998524
ROW 308 1 0.3 2.001110757e-05 1.394912805e-06 32.0000 1.0106
ROW 309 1 0.3 1.553821438e-05 1.502026091e-06 32.0000 0.988091
ROW 310 1 0.3 1.753903712e-05 1.407690135e-06 32.0000 1.00775
ROW 311 1 0.3 2.348365655e-04 9.325435426e-07 32.0000 1.11398
ROW 312 1 0.3 8.328041431e-06 1.438892317e-06 32.0000 0.999985
ROW 313 1 0.3 1.857507421e-05 1.223808535e-06 32.0000 1.04517
ROW 315 1 0.3 7.071784480e-06 1.373217974e-06 32.0000 1.00934
ROW 314 1 0.3 1.771168667e-05 1.281950787e-06 32.0000 1.02852
ROW 316 1 0.3 -7.490725824e-05 1.536818584e-06 32.0000 0.982258
ROW 302 1 0.1 1.169610680e-03 1.073000274e-04 32.0000 1.03569
ROW 301 1 0.1 4.899399184e-03 6.121652006e-05 32.0000 1.16198
ROW 303 1 0.1 -6.599771806e-04 1.152266611e-04 32.0000 0.990392
ROW 304 1 0.1 1.645228214e-04 9.696309157e-05 32.0000 1.05027
ROW 306 1 0.1 -5.118743804e-03 2.128344852e-04 32.0000 0.860318
ROW 307 1 0.1 1.286869155e-03 9.835092054e-05 32.0000 1.04938
ROW 308 1 0.1 7.727547427e-05 1.061223538e-04 32.0000 1.00943
ROW 305 1 0.1 -2.741284905e-02 1.802049085e-03 32.0000 0.499423
ROW 309 1 0.1 2.478094477e-03 6.888374940e-05 32.0000 1.13955
ROW 311 1 0.1 1.014364144e-02 2.989373953e-05 32.0000 1.39707
ROW 310 1 0.1 4.068553762e-04 1.071475700e-04 32.0000 1.03085
ROW 312 1 0.1 -2.582052667e-04 1.251588259e-04 32.0000 0.97587
ROW 313 1 0.1 2.421441066e-03 6.361647608e-05 32.0000 1.15764
ROW 315 1 0.1 1.806779264e-03 1.191892111e-04 32.0000 1.0071
ROW 314 1 0.1 -1.080976734e-04 1.339551188e-04 32.0000 0.969673
ROW 301 1 0.03 4.603778171e-01 1.866162469e-04 32.0000 2.97318
ROW 316 1 0.1 -9.085256366e-04 1.541949133e-04 32.0000 0.949655
ROW 302 1 0.03 4.048652620e-01 2.706982032e-04 32.0000 2.717
ROW 303 1 0.03 2.151986503e-02 2.823555099e-02 32.0000 0.846507
ROW 305 1 0.03 2.993432075e-01 4.807040951e-04 32.0000 2.32324
ROW 304 1 0.03 1.632703874e-01 3.466800903e-03 32.0000 1.40228
ROW 306 1 0.03 4.267717131e-02 1.259679396e-02 32.0000 1.0474
ROW 307 1 0.03 1.053073085e-02 1.082283602e-02 32.0000 1.05739
ROW 308 1 0.03 9.458650235e-02 7.250825335e-03 32.0000 1.17706
ROW 309 1 0.03 8.065124574e-02 3.327390398e-03 32.0000 1.45139
ROW 311 1 0.03 4.027126056e-01 3.886431979e-04 32.0000 2.46098
ROW 310 1 0.03 3.477508773e-02 7.248251105e-03 32.0000 1.18363
ROW 313 1 0.03 1.796043733e-01 1.434715409e-03 32.0000 1.77148
ROW 315 1 0.03 2.162943126e-01 3.093053154e-02 32.0000 0.858442
ROW 314 1 0.03 4.804408423e-01 1.947641223e-02 32.0000 0.919455
ROW 312 1 0.03 2.615176819e-02 1.255678514e-02 32.0000 1.02886
ROW 316 1 0.03 -5.306565940e-02 2.231056622e-02 32.0000 0.885257
