ROW 102 1 1 6.634008369e-08 1.156130282e-08 31.9896
ROW 104 1 1 1.556668218e-07 1.168429049e-08 31.9896
ROW 103 1 1 -1.430248649e-07 1.170441095e-08 31.9896
ROW 101 1 1 1.350884157e-05 7.004745010e-09 31.9896
ROW 106 1 1 4.894744836e-07 1.149608116e-08 31.9896
ROW 105 1 1 -1.202208605e-07 1.156954363e-08 31.9896
ROW 107 1 1 4.075179778e-08 1.156093514e-08 31.9896
ROW 108 1 1 7.744124994e-08 1.139856032e-08 31.9896
ROW 109 1 1 1.101596775e-06 1.119037240e-08 31.9896
ROW 110 1 1 2.662761877e-07 1.318310182e-08 31.9896
ROW 111 1 1 -2.188048132e-07 1.079874618e-08 31.9896
ROW 112 1 1 -1.952578675e-07 1.166711714e-08 31.9896
ROW 113 1 1 -2.867941929e-08 1.158965202e-08 31.9896
ROW 114 1 1 -6.404984092e-07 1.145685498e-08 31.9896
ROW 115 1 1 2.678167929e-07 1.166109843e-08 31.9896
ROW 116 1 1 -4.791876637e-07 1.191928882e-08 31.9896
ROW 117 1 1 -9.685014906e-08 1.162905334e-08 31.9896
ROW 118 1 1 2.694237106e-07 1.173919724e-08 31.9896
ROW 119 1 1 -1.696996897e-07 1.193064861e-08 31.9896
ROW 120 1 1 -2.230153032e-07 1.182989405e-08 31.9896
ROW 121 1 1 1.580601411e-07 1.147868139e-08 31.9896
ROW 122 1 1 1.220244354e-07 1.159933735e-08 31.9896
ROW 123 1 1 -4.271173233e-07 1.172369998e-08 31.9896
ROW 124 1 1 9.328368285e-07 1.121790636e-08 31.9896
ROW 101 1 0.3 7.108423507e-04 3.426282653e-07 32.0000
ROW 102 1 0.3 -7.019985347e-07 1.489714117e-06 32.0000
ROW 103 1 0.3 -3.096840479e-05 1.446597423e-06 32.0000
ROW 104 1 0.3 1.070168450e-05 1.425842892e-06 32.0000
ROW 105 1 0.3 -5.910990483e-06 1.377795103e-06 32.0000
ROW 106 1 0.3 2.327125331e-05 1.375491274e-06 32.0000
ROW 107 1 0.3 7.055104811e-06 1.360125321e-06 32.0000
ROW 108 1 0.3 6.208167263e-06 1.337782834e-06 32.0000
ROW 109 1 0.3 3.990863466e-05 1.315452829e-06 32.0000
ROW 110 1 0.3 2.514228985e-05 1.556132168e-06 32.0000
ROW 111 1 0.3 -3.390796261e-05 1.986234093e-06 32.0000
ROW 112 1 0.3 -1.408594162e-05 1.364527356e-06 32.0000
ROW 113 1 0.3 -9.463872286e-06 1.412846287e-06 32.0000
ROW 114 1 0.3 -1.100392059e-05 1.693025177e-06 32.0000
ROW 115 1 0.3 4.826082403e-06 1.422014114e-06 32.0000
ROW 116 1 0.3 -1.374456315e-05 1.550539104e-06 32.0000
ROW 117 1 0.3 -2.332895558e-05 1.499697618e-06 32.0000
ROW 118 1 0.3 -9.063416934e-06 1.418050050e-06 32.0000
ROW 119 1 0.3 -6.142828056e-06 1.553625779e-06 32.0000
ROW 120 1 0.3 -1.072099864e-05 1.401001722e-06 32.0000
ROW 121 1 0.3 2.427495592e-05 1.242670821e-06 32.0000
ROW 122 1 0.3 -2.531262943e-07 1.407231681e-06 32.0000
ROW 123 1 0.3 -5.209598154e-05 1.588615021e-06 32.0000
ROW 124 1 0.3 4.944987101e-05 1.340954513e-06 32.0000
ROW 101 1 0.1 1.846944675e-02 5.815712809e-06 32.0000
ROW 103 1 0.1 -1.945703867e-03 1.699326603e-04 32.0000
ROW 102 1 0.1 -7.421059450e-04 1.363235700e-04 32.0000
ROW 104 1 0.1 -2.703386143e-04 1.155079208e-04 32.0000
ROW 105 1 0.1 1.195095861e-03 1.076231248e-04 32.0000
ROW 106 1 0.1 6.889641126e-04 9.940940424e-05 32.0000
ROW 107 1 0.1 3.598647580e-04 9.198103241e-05 32.0000
ROW 108 1 0.1 8.358947970e-04 1.186129683e-04 32.0000
ROW 109 1 0.1 -3.575967995e-05 1.129831758e-04 32.0000
ROW 110 1 0.1 1.556482800e-03 7.811128207e-05 32.0000
ROW 111 1 0.1 2.228176162e-03 3.137315447e-05 32.0000
ROW 113 1 0.1 1.220359771e-04 1.143673177e-04 32.0000
ROW 112 1 0.1 -7.855534255e-04 1.326758469e-04 32.0000
ROW 114 1 0.1 -7.405302776e-04 1.156077079e-04 32.0000
ROW 116 1 0.1 8.491747624e-04 1.003335167e-04 32.0000
ROW 115 1 0.1 4.451949119e-04 1.077635805e-04 32.0000
ROW 117 1 0.1 -2.140018224e-03 1.075258748e-04 32.0000
ROW 118 1 0.1 1.409983466e-03 8.170167121e-05 32.0000
ROW 119 1 0.1 7.793549563e-04 1.006097153e-04 32.0000
ROW 120 1 0.1 4.947133423e-04 1.259601465e-04 32.0000
ROW 121 1 0.1 1.176226533e-03 7.480804978e-05 32.0000
ROW 123 1 0.1 -5.643117251e-04 1.024868120e-04 32.0000
ROW 122 1 0.1 -6.285622054e-04 9.669224767e-05 32.0000
ROW 101 1 0.03 1.743896367e-01 6.028211129e-02 32.0000
ROW 124 1 0.1 3.270181369e-03 9.326094977e-05 32.0000
ROW 104 1 0.03 5.741296558e-02 1.132446821e-02 32.0000
ROW 102 1 0.03 -6.920017274e-02 1.639259996e-02 32.0000
ROW 105 1 0.03 -2.093167339e-02 1.088473808e-02 32.0000
ROW 103 1 0.03 5.483145220e-02 5.344079039e-03 32.0000
ROW 109 1 0.03 1.421833539e-01 8.436781756e-03 32.0000
ROW 106 1 0.03 1.054738656e-01 6.200899734e-03 32.0000
ROW 108 1 0.03 4.694137310e-02 8.818413299e-03 32.0000
ROW 107 1 0.03 -1.573362007e-02 2.185056197e-02 32.0000
ROW 110 1 0.03 2.590610544e-01 8.692118394e-03 32.0000
ROW 111 1 0.03 1.912645151e-01 3.961314674e-03 32.0000
ROW 113 1 0.03 2.728028020e-02 1.100405012e-02 32.0000
ROW 112 1 0.03 -7.824653962e-03 9.670679972e-03 32.0000
ROW 114 1 0.03 1.782527242e-01 3.880946445e-02 32.0000
ROW 115 1 0.03 -1.832774101e-02 2.014821826e-02 32.0000
ROW 116 1 0.03 1.146875654e-01 5.055102913e-03 32.0000
ROW 119 1 0.03 4.358190875e-01 3.582270187e-05 32.0000
ROW 118 1 0.03 -3.927750414e-03 1.163717080e-02 32.0000
ROW 117 1 0.03 -6.142295036e-02 2.142527977e-02 32.0000
ROW 121 1 0.03 2.358972549e-01 1.116960187e-03 32.0000
ROW 120 1 0.03 -9.177941448e-02 1.235315952e-02 32.0000
ROW 122 1 0.03 6.668082095e-02 1.891503297e-02 32.0000
ROW 101 1 0.01 8.979219405e+00 1.982762212e-05 32.0000
ROW 123 1 0.03 -1.624435183e-01 3.130002886e-02 32.0000
ROW 124 1 0.03 1.001116674e-01 5.634765810e-03 32.0000
ROW 103 1 0.01 9.362914910e+00 5.659867646e-06 32.0000
ROW 106 1 0.01 1.100410765e+01 6.815657947e-06 32.0000
ROW 104 1 0.01 1.853263589e+00 8.282254006e-01 32.0000
ROW 105 1 0.01 3.313874419e+00 3.250686639e-02 32.0000
ROW 107 1 0.01 3.012525134e+00 1.349382878e-01 32.0000
ROW 102 1 0.01 4.776186970e+00 2.288279106e-02 32.0000
ROW 111 1 0.01 3.542037580e+01 1.465596437e-10 32.0000
ROW 109 1 0.01 4.878727361e+00 4.065263033e-02 32.0000
ROW 110 1 0.01 4.250269957e+00 4.394603800e-02 32.0000
ROW 108 1 0.01 -1.674783888e+00 3.884971655e-01 32.0000
ROW 115 1 0.01 5.757350469e+00 5.985152648e-03 32.0000
ROW 113 1 0.01 2.154628767e+00 5.421518037e-01 32.0000
ROW 114 1 0.01 6.547533663e+00 4.609933833e-03 32.0000
ROW 112 1 0.01 -8.345846021e-01 9.566967256e-01 32.0000
ROW 117 1 0.01 9.143778508e+00 9.227921482e-06 32.0000
ROW 119 1 0.01 5.991284788e+00 4.835396543e-03 32.0000
ROW 116 1 0.01 7.031428717e+00 1.114115438e-02 32.0000
ROW 121 1 0.01 7.637267476e+00 2.661286522e-03 32.0000
ROW 118 1 0.01 3.601472319e+00 1.147476178e-01 32.0000
ROW 122 1 0.01 9.273594718e+00 3.412076444e-06 32.0000
ROW 123 1 0.01 9.328606569e+00 1.347750004e-05 32.0000
ROW 124 1 0.01 5.187915706e+00 7.159674662e-03 32.0000
ROW 120 1 0.01 1.792023467e+01 3.589173631e-07 32.0000
