ROW 0.8 604 0.3 1 8.264038911e-08 1.168364433e-08 32.0000 1.00021 2.067069e+16
ROW 0.8 603 0.3 1 -1.369712468e-08 1.152497202e-08 32.0000 1.00323 2.067069e+16
ROW 0.8 602 0.3 1 1.246556547e-07 1.168657367e-08 32.0000 0.999675 2.067069e+16
ROW 0.8 601 0.3 1 1.048729200e-06 1.124945813e-08 32.0000 1.00908 2.067069e+16
ROW 0.8 605 0.3 1 -1.894277969e-08 1.163034380e-08 32.0000 1.00096 2.067069e+16
ROW 0.8 606 0.3 1 -2.378674800e-07 1.170467049e-08 32.0000 0.999251 2.067069e+16
ROW 0.8 607 0.3 1 3.315887225e-08 1.170221795e-08 32.0000 0.999249 2.067069e+16
ROW 0.8 608 0.3 1 1.046670748e-07 1.176900538e-08 32.0000 0.997999 2.067069e+16
ROW 0.8 609 0.3 1 -1.199633156e-07 1.170398378e-08 32.0000 0.998841 2.067069e+16
ROW 0.8 610 0.3 1 -4.190371530e-08 1.172604152e-08 32.0000 0.998787 2.067069e+16
ROW 0.8 611 0.3 1 5.601208973e-08 1.164124203e-08 32.0000 1.00088 2.067069e+16
ROW 0.8 612 0.3 1 2.719269656e-06 1.062894591e-08 32.0000 1.0239 2.067069e+16
ROW 0.8 613 0.3 1 -8.172103176e-07 1.217858275e-08 32.0000 0.989601 2.067069e+16
ROW 0.8 615 0.3 1 -7.727180620e-08 1.136445983e-08 32.0000 1.00658 2.067069e+16
ROW 0.8 616 0.3 1 2.843526536e-08 1.177902839e-08 32.0000 0.997419 2.067069e+16
ROW 0.8 614 0.3 1 9.849093845e-08 1.167232889e-08 32.0000 1.00001 2.067069e+16
ROW 0.8 601 0.3 0.3 -5.616018122e-05 1.559126446e-06 31.9894 0.980869 8.766160e+16
ROW 0.8 603 0.3 0.3 5.216930197e-06 1.381033096e-06 31.9894 1.01091 8.766160e+16
ROW 0.8 604 0.3 0.3 -5.121601571e-06 1.412665572e-06 31.9894 1.00463 8.766160e+16
ROW 0.8 602 0.3 0.3 1.239460213e-06 1.465839540e-06 31.9894 0.996064 8.766160e+16
ROW 0.8 608 0.3 0.3 2.157015950e-05 1.361354794e-06 31.9894 1.01409 8.766160e+16
ROW 0.8 606 0.3 0.3 6.086025534e-06 1.340960289e-06 31.9894 1.01827 8.766160e+16
ROW 0.8 607 0.3 0.3 -7.257864799e-06 1.347713239e-06 31.9894 1.01634 8.766160e+16
ROW 0.8 605 0.3 0.3 -2.923817132e-05 1.465649036e-06 31.9894 0.995703 8.766160e+16
ROW 0.8 609 0.3 0.3 -7.492787330e-07 1.452244967e-06 31.9894 0.998224 8.766160e+16
ROW 0.8 611 0.3 0.3 -3.696610596e-06 1.483385710e-06 31.9894 0.992736 8.766160e+16
ROW 0.8 610 0.3 0.3 -3.014360912e-06 1.431438709e-06 31.9894 1.00134 8.766160e+16
ROW 0.8 612 0.3 0.3 5.361234171e-06 1.397622422e-06 31.9894 1.00734 8.766160e+16
ROW 0.8 614 0.3 0.3 7.441396492e-06 1.513858178e-06 31.9894 0.98758 8.766160e+16
ROW 0.8 616 0.3 0.3 -6.785922261e-07 1.491788760e-06 31.9894 0.990879 8.766160e+16
ROW 0.8 613 0.3 0.3 2.043110112e-06 1.391405094e-06 31.9894 1.00875 8.766160e+16
ROW 0.8 615 0.3 0.3 -9.778048315e-07 1.429113087e-06 31.9894 1.00239 8.766160e+16
ROW 0.8 601 0.3 0.1 5.466187561e-04 1.074019876e-04 31.9865 1.02041 3.276083e+17
ROW 0.8 602 0.3 0.1 8.791896726e-04 1.047331762e-04 31.9865 1.02648 3.276083e+17
ROW 0.8 603 0.3 0.1 -2.913031184e-03 1.580453739e-04 31.9865 0.926851 3.276083e+17
ROW 0.8 604 0.3 0.1 -5.676125827e-05 1.165768311e-04 31.9865 0.9998 3.276083e+17
ROW 0.8 605 0.3 0.1 -3.352798180e-04 1.205419765e-04 31.9865 0.991228 3.276083e+17
ROW 0.8 606 0.3 0.1 -5.243165231e-04 1.222173912e-04 31.9865 0.987787 3.276083e+17
ROW 0.8 607 0.3 0.1 -2.633005830e-04 1.202133045e-04 31.9865 0.992352 3.276083e+17
ROW 0.8 608 0.3 0.1 3.387186070e-04 1.086265127e-04 31.9865 1.01717 3.276083e+17
ROW 0.8 609 0.3 0.1 7.861239846e-04 1.068400700e-04 31.9865 1.02206 3.276083e+17
ROW 0.8 610 0.3 0.1 1.025779632e-03 1.031559814e-04 31.9865 1.03087 3.276083e+17
ROW 0.8 611 0.3 0.1 6.208619768e-04 1.076422878e-04 31.9865 1.02006 3.276083e+17
ROW 0.8 612 0.3 0.1 -5.442965350e-04 1.231712025e-04 31.9865 0.985443 3.276083e+17
ROW 0.8 613 0.3 0.1 3.520607406e-04 1.139870307e-04 31.9865 1.00606 3.276083e+17
ROW 0.8 614 0.3 0.1 -3.109382640e-03 1.595657195e-04 31.9865 0.924945 3.276083e+17
ROW 0.8 615 0.3 0.1 -1.209540514e-03 1.315133199e-04 31.9865 0.970108 3.276083e+17
ROW 0.8 616 0.3 0.1 8.387032630e-04 1.062157376e-04 31.9865 1.02362 3.276083e+17
ROW 0.8 601 0.3 0.03 -4.533406642e-02 1.628351538e-02 31.9733 0.963375 1.389343e+18
ROW 0.8 603 0.3 0.03 1.399578165e-01 5.998659534e-03 31.9733 1.24097 1.389343e+18
ROW 0.8 602 0.3 0.03 1.482422068e-02 1.227353019e-02 31.9733 1.03584 1.389343e+18
ROW 0.8 604 0.3 0.03 -6.426176953e-02 1.831324441e-02 31.9733 0.936268 1.389343e+18
ROW 0.8 605 0.3 0.03 -5.308369158e-02 1.763549871e-02 31.9733 0.945172 1.389343e+18
ROW 0.8 606 0.3 0.03 -1.050571002e-01 2.385045953e-02 31.9733 0.874991 1.389343e+18
ROW 0.8 607 0.3 0.03 -4.046311589e-02 1.624614436e-02 31.9733 0.96467 1.389343e+18
ROW 0.8 608 0.3 0.03 -2.460082826e-01 4.792420632e-02 31.9733 0.733807 1.389343e+18
ROW 0.8 610 0.3 0.03 4.252199864e-03 1.290215770e-02 31.9733 1.02237 1.389343e+18
ROW 0.8 611 0.3 0.03 5.217982164e-02 9.547283477e-03 31.9733 1.10336 1.389343e+18
ROW 0.8 609 0.3 0.03 -2.163570921e-01 3.782141061e-02 31.9733 0.778771 1.389343e+18
ROW 0.8 612 0.3 0.03 3.272964888e-02 1.160497558e-02 31.9733 1.05058 1.389343e+18
ROW 0.8 613 0.3 0.03 9.407671195e-02 7.508644329e-03 31.9733 1.17215 1.389343e+18
ROW 0.8 614 0.3 0.03 7.095516137e-02 8.724328117e-03 31.9733 1.12872 1.389343e+18
ROW 0.8 615 0.3 0.03 -4.857811904e-02 1.756757318e-02 31.9733 0.945521 1.389343e+18
ROW 0.9 601 0.3 1 1.043738544e-06 1.125122624e-08 32.0000 1.00907 2.067069e+16
ROW 0.9 602 0.3 1 1.248897522e-07 1.168748604e-08 32.0000 0.999656 2.067069e+16
ROW 0.8 616 0.3 0.03 -1.200358333e-01 2.382070966e-02 31.9733 0.875754 1.389343e+18
ROW 0.9 603 0.3 1 -1.383260443e-08 1.152393741e-08 32.0000 1.00325 2.067069e+16
ROW 0.9 604 0.3 1 8.223746053e-08 1.168421495e-08 32.0000 1.00019 2.067069e+16
ROW 0.9 605 0.3 1 -1.936843300e-08 1.163127109e-08 32.0000 1.00093 2.067069e+16
ROW 0.9 606 0.3 1 -2.267969396e-07 1.170408985e-08 32.0000 0.999257 2.067069e+16
ROW 0.9 607 0.3 1 3.342550881e-08 1.170250407e-08 32.0000 0.999244 2.067069e+16
ROW 0.9 608 0.3 1 1.062055829e-07 1.176200313e-08 32.0000 0.998162 2.067069e+16
ROW 0.9 609 0.3 1 -1.206164275e-07 1.170485812e-08 32.0000 0.998829 2.067069e+16
ROW 0.9 610 0.3 1 -4.291501106e-08 1.172613900e-08 32.0000 0.998782 2.067069e+16
ROW 0.9 611 0.3 1 5.597767781e-08 1.164134799e-08 32.0000 1.00088 2.067069e+16
ROW 0.9 612 0.3 1 2.282610491e-06 1.077410887e-08 32.0000 1.02035 2.067069e+16
ROW 0.9 613 0.3 1 -7.713993198e-07 1.215422833e-08 32.0000 0.990091 2.067069e+16
ROW 0.9 614 0.3 1 9.542750287e-08 1.167563184e-08 32.0000 0.99994 2.067069e+16
ROW 0.9 615 0.3 1 -7.928731043e-08 1.136223628e-08 32.0000 1.00661 2.067069e+16
ROW 0.9 616 0.3 1 2.851762258e-08 1.178563097e-08 32.0000 0.99728 2.067069e+16
ROW 0.9 601 0.3 0.3 -2.304907122e-06 1.448990749e-06 31.9947 0.998478 1.050126e+17
ROW 0.9 602 0.3 0.3 -3.910119583e-06 1.399265353e-06 31.9947 1.00729 1.050126e+17
ROW 0.9 603 0.3 0.3 2.040689541e-06 1.465492564e-06 31.9947 0.995899 1.050126e+17
ROW 0.9 604 0.3 0.3 1.974839678e-06 1.456242213e-06 31.9947 0.997077 1.050126e+17
ROW 0.9 605 0.3 0.3 2.343720150e-06 1.418943543e-06 31.9947 1.00487 1.050126e+17
ROW 0.9 606 0.3 0.3 -3.078353467e-06 1.474180328e-06 31.9947 0.995215 1.050126e+17
ROW 0.9 607 0.3 0.3 -9.334447945e-06 1.462721432e-06 31.9947 0.997005 1.050126e+17
ROW 0.9 608 0.3 0.3 1.673885868e-05 1.432991659e-06 31.9947 1.00217 1.050126e+17
ROW 0.9 609 0.3 0.3 3.009675679e-06 1.401004048e-06 31.9947 1.00732 1.050126e+17
ROW 0.9 610 0.3 0.3 2.051488874e-08 1.437830882e-06 31.9947 1.00115 1.050126e+17
ROW 0.9 611 0.3 0.3 -4.564087128e-07 1.365795521e-06 31.9947 1.0131 1.050126e+17
ROW 0.9 612 0.3 0.3 -1.042211212e-04 1.706425256e-06 31.9947 0.958817 1.050126e+17
ROW 0.9 613 0.3 0.3 -1.800545037e-05 1.460726605e-06 31.9947 0.9966 1.050126e+17
ROW 0.9 614 0.3 0.3 1.491801850e-04 1.170133776e-06 31.9947 1.05361 1.050126e+17
ROW 0.9 615 0.3 0.3 -1.447138884e-06 1.447276382e-06 31.9947 0.999423 1.050126e+17
ROW 0.9 616 0.3 0.3 3.490058373e-07 1.409674433e-06 31.9947 1.00542 1.050126e+17
ROW 0.9 601 0.3 0.1 5.068774311e-03 7.180227171e-05 31.9881 1.12921 4.627590e+17
ROW 0.9 602 0.3 0.1 -7.186526311e-05 1.225245037e-04 31.9881 0.986812 4.627590e+17
ROW 0.9 603 0.3 0.1 -1.112407043e-04 1.233416451e-04 31.9881 0.985443 4.627590e+17
ROW 0.9 604 0.3 0.1 -3.217527385e-04 1.235149083e-04 31.9881 0.985521 4.627590e+17
ROW 0.9 605 0.3 0.1 2.035232998e-04 1.261815076e-04 31.9881 0.981186 4.627590e+17
ROW 0.9 606 0.3 0.1 -1.393578731e-04 1.243833088e-04 31.9881 0.984567 4.627590e+17
ROW 0.9 608 0.3 0.1 9.391852859e-04 1.104088921e-04 31.9881 1.01475 4.627590e+17
ROW 0.9 607 0.3 0.1 6.250274305e-05 1.322078851e-04 31.9881 0.968762 4.627590e+17
ROW 0.9 609 0.3 0.1 -7.641559495e-04 1.291232430e-04 31.9881 0.975293 4.627590e+17
ROW 0.9 610 0.3 0.1 8.673372228e-05 1.366892123e-04 31.9881 0.96096 4.627590e+17
ROW 0.9 612 0.3 0.1 5.359992798e-04 1.140694903e-04 31.9881 1.00406 4.627590e+17
ROW 0.9 611 0.3 0.1 8.316898822e-04 9.836321058e-05 31.9881 1.04396 4.627590e+17
ROW 0.9 613 0.3 0.1 3.691671967e-04 1.135349382e-04 31.9881 1.00819 4.627590e+17
ROW 0.9 614 0.3 0.1 3.427910366e-03 8.489144010e-05 31.9881 1.08059 4.627590e+17
ROW 0.9 615 0.3 0.1 -3.537271254e-04 1.207258682e-04 31.9881 0.992203 4.627590e+17
ROW 0.9 616 0.3 0.1 2.189004223e-04 1.300047872e-04 31.9881 0.973093 4.627590e+17
ROW 0.9 601 0.3 0.03 1.287983149e-01 5.713692324e-03 31.9917 1.25641 2.350938e+18
ROW 0.9 602 0.3 0.03 -1.370437494e-02 1.446982809e-02 31.9917 0.995069 2.350938e+18
ROW 0.9 603 0.3 0.03 4.964794692e-03 1.245736573e-02 31.9917 1.02871 2.350938e+18
ROW 0.9 604 0.3 0.03 3.154964750e-02 1.131256467e-02 31.9917 1.06021 2.350938e+18
ROW 0.9 605 0.3 0.03 7.668735530e-02 8.878736870e-03 31.9917 1.12053 2.350938e+18
ROW 0.9 606 0.3 0.03 -9.902685466e-03 1.513405819e-02 31.9917 0.98233 2.350938e+18
ROW 0.9 609 0.3 0.03 1.544401194e-01 5.149171627e-03 31.9917 1.28999 2.350938e+18
ROW 0.9 608 0.3 0.03 3.230259193e-02 1.287873720e-02 31.9917 1.0263 2.350938e+18
ROW 0.9 607 0.3 0.03 -2.680369670e-02 1.432827149e-02 31.9917 0.998856 2.350938e+18
ROW 0.9 610 0.3 0.03 -8.235061007e-02 2.067456138e-02 31.9917 0.90352 2.350938e+18
ROW 0.9 611 0.3 0.03 -6.383220093e-03 1.455694634e-02 31.9917 0.987962 2.350938e+18
ROW 0.9 612 0.3 0.03 -1.118969836e-02 1.353417680e-02 31.9917 1.01212 2.350938e+18
ROW 0.9 613 0.3 0.03 4.297266159e-02 1.003488200e-02 31.9917 1.08888 2.350938e+18
ROW 0.9 614 0.3 0.03 -6.315629473e-04 1.333940350e-02 31.9917 1.0142 2.350938e+18
ROW 1.0 601 0.3 1 1.037040253e-06 1.125554119e-08 31.9896 1.00905 2.067069e+16
ROW 0.9 615 0.3 0.03 -9.249583807e-02 2.224515884e-02 31.9917 0.889865 2.350938e+18
ROW 0.9 616 0.3 0.03 1.315485109e-02 1.302579368e-02 31.9917 1.01723 2.350938e+18
ROW 1.0 602 0.3 1 1.197966679e-07 1.168573315e-08 31.9896 0.9997 2.067069e+16
ROW 1.0 603 0.3 1 -1.502982480e-08 1.151741155e-08 31.9896 1.00339 2.067069e+16
ROW 1.0 604 0.3 1 8.660884268e-08 1.167827126e-08 31.9896 1.0003 2.067069e+16
ROW 1.0 605 0.3 1 -1.906811641e-08 1.163296169e-08 31.9896 1.0009 2.067069e+16
ROW 1.0 606 0.3 1 -2.266005661e-07 1.170418473e-08 31.9896 0.999285 2.067069e+16
ROW 1.0 607 0.3 1 3.427071599e-08 1.170620298e-08 31.9896 0.999182 2.067069e+16
ROW 1.0 608 0.3 1 1.087303755e-07 1.175103032e-08 31.9896 0.998426 2.067069e+16
ROW 1.0 609 0.3 1 -1.164770020e-07 1.170292590e-08 31.9896 0.998843 2.067069e+16
ROW 1.0 610 0.3 1 -3.926850665e-08 1.172744686e-08 31.9896 0.998769 2.067069e+16
ROW 1.0 611 0.3 1 5.428951706e-08 1.164636785e-08 31.9896 1.00083 2.067069e+16
ROW 1.0 612 0.3 1 1.850303897e-06 1.091525086e-08 31.9896 1.01694 2.067069e+16
ROW 1.0 613 0.3 1 -7.212213944e-07 1.212327364e-08 31.9896 0.990717 2.067069e+16
ROW 1.0 614 0.3 1 9.468122873e-08 1.167283582e-08 31.9896 0.999992 2.067069e+16
ROW 1.0 615 0.3 1 -8.205836519e-08 1.137712472e-08 31.9896 1.00634 2.067069e+16
ROW 1.0 616 0.3 1 2.769956433e-08 1.180934772e-08 31.9896 0.996792 2.067069e+16
ROW 1.0 601 0.3 0.3 7.665753571e-05 1.256731940e-06 32.0000 1.03412 1.257978e+17
ROW 1.0 602 0.3 0.3 8.459543536e-06 1.449656285e-06 32.0000 0.998376 1.257978e+17
ROW 1.0 603 0.3 0.3 -7.229455094e-07 1.374877891e-06 32.0000 1.01186 1.257978e+17
ROW 1.0 604 0.3 0.3 5.339088446e-06 1.447588701e-06 32.0000 1.0003 1.257978e+17
ROW 1.0 605 0.3 0.3 -1.549173798e-06 1.424235709e-06 32.0000 1.00296 1.257978e+17
ROW 1.0 606 0.3 0.3 -6.915234399e-06 1.465484716e-06 32.0000 0.996227 1.257978e+17
ROW 1.0 607 0.3 0.3 2.375366425e-06 1.455428474e-06 32.0000 0.997188 1.257978e+17
ROW 1.0 608 0.3 0.3 1.043192618e-05 1.420786626e-06 32.0000 1.00388 1.257978e+17
ROW 1.0 609 0.3 0.3 -1.074833936e-05 1.464012598e-06 32.0000 0.995801 1.257978e+17
ROW 1.0 610 0.3 0.3 -3.714378630e-06 1.462053188e-06 32.0000 0.995979 1.257978e+17
ROW 1.0 611 0.3 0.3 3.670733098e-06 1.428541422e-06 32.0000 1.00291 1.257978e+17
ROW 1.0 612 0.3 0.3 1.244104510e-04 1.147584590e-06 32.0000 1.058 1.257978e+17
ROW 1.0 613 0.3 0.3 -4.632342362e-05 1.611672873e-06 32.0000 0.972915 1.257978e+17
ROW 1.0 614 0.3 0.3 3.276024752e-06 1.459496216e-06 32.0000 0.99709 1.257978e+17
ROW 1.0 615 0.3 0.3 -3.689379044e-06 1.297243321e-06 32.0000 1.02543 1.257978e+17
ROW 1.0 616 0.3 0.3 1.760358673e-06 1.532915146e-06 32.0000 0.984462 1.257978e+17
ROW 1.0 601 0.3 0.1 3.577435026e-03 7.574712049e-05 32.0000 1.11133 6.536645e+17
ROW 1.0 602 0.3 0.1 1.700528087e-04 1.196811681e-04 32.0000 0.995452 6.536645e+17
ROW 1.0 603 0.3 0.1 -6.711941002e-05 1.074936357e-04 32.0000 1.01957 6.536645e+17
ROW 1.0 604 0.3 0.1 2.626338375e-04 1.180870990e-04 32.0000 1.00055 6.536645e+17
ROW 1.0 605 0.3 0.1 -1.087753327e-04 1.140690252e-04 32.0000 1.00572 6.536645e+17
ROW 1.0 606 0.3 0.1 -3.708685903e-04 1.200107916e-04 32.0000 0.991549 6.536645e+17
ROW 1.0 607 0.3 0.1 8.935776202e-05 1.223819719e-04 32.0000 0.989783 6.536645e+17
ROW 1.0 608 0.3 0.1 6.234149309e-04 1.124238959e-04 32.0000 1.00808 6.536645e+17
ROW 1.0 609 0.3 0.1 2.039311612e-05 1.224709221e-04 32.0000 0.987482 6.536645e+17
ROW 1.0 610 0.3 0.1 -2.426217232e-04 1.213217153e-04 32.0000 0.988403 6.536645e+17
ROW 1.0 612 0.3 0.1 6.099174032e-03 5.552908109e-05 32.0000 1.20565 6.536645e+17
ROW 1.0 611 0.3 0.1 1.728366606e-04 1.147804508e-04 32.0000 1.00738 6.536645e+17
ROW 1.0 613 0.3 0.1 -1.852780231e-03 1.284094403e-04 32.0000 0.974361 6.536645e+17
ROW 1.0 614 0.3 0.1 -2.463962747e-04 1.229885619e-04 32.0000 0.987532 6.536645e+17
ROW 1.0 615 0.3 0.1 -3.178396551e-05 8.492659190e-05 32.0000 1.07901 6.536645e+17
ROW 1.0 616 0.3 0.1 4.151180622e-04 1.190864093e-04 32.0000 0.998965 6.536645e+17
ROW 1.0 601 0.3 0.03 2.557670907e-01 2.447647002e-03 32.0000 1.56202 3.978076e+18
ROW 1.0 602 0.3 0.03 8.094056913e-02 2.866724153e-03 32.0000 1.49695 3.978076e+18
ROW 1.0 604 0.3 0.03 1.967671814e-02 9.481908905e-03 32.0000 1.10054 3.978076e+18
ROW 1.0 603 0.3 0.03 1.520250060e-02 1.362388191e-02 32.0000 1.00698 3.978076e+18
ROW 1.0 605 0.3 0.03 -1.299800252e-02 1.404540823e-02 32.0000 1.00054 3.978076e+18
ROW 1.0 608 0.3 0.03 2.744756734e-02 1.734015605e-02 32.0000 0.939567 3.978076e+18
ROW 1.0 607 0.3 0.03 -1.296414644e-02 1.359653847e-02 32.0000 1.01518 3.978076e+18
ROW 1.0 606 0.3 0.03 -3.368910998e-02 1.547842732e-02 32.0000 0.981288 3.978076e+18
ROW 1.0 612 0.3 0.03 2.899285441e-01 1.321462338e-03 32.0000 1.81533 3.978076e+18
ROW 1.0 609 0.3 0.03 -1.635282809e-03 1.223286755e-02 32.0000 1.03469 3.978076e+18
ROW 1.0 610 0.3 0.03 -2.055522849e-03 1.676302746e-02 32.0000 0.957221 3.978076e+18
ROW 1.0 611 0.3 0.03 -1.676127654e-02 1.386713031e-02 32.0000 0.990687 3.978076e+18
ROW 1.0 613 0.3 0.03 -2.659154367e-01 6.721610895e-02 32.0000 0.677342 3.978076e+18
ROW 1.0 614 0.3 0.03 -5.147482316e-02 1.516863759e-02 32.0000 0.982124 3.978076e+18
ROW 1.1 601 0.3 1 1.033115691e-06 1.125690650e-08 31.9896 1.00905 2.067069e+16
ROW 1.1 602 0.3 1 1.201132542e-07 1.168670022e-08 31.9896 0.999679 2.067069e+16
ROW 1.0 616 0.3 0.03 1.235348836e-02 1.009180319e-02 32.0000 1.08308 3.978076e+18
ROW 1.0 615 0.3 0.03 -2.696637242e-03 9.165675009e-03 32.0000 1.11772 3.978076e+18
ROW 1.1 603 0.3 1 -1.515642918e-08 1.151638881e-08 31.9896 1.00341 2.067069e+16
ROW 1.1 605 0.3 1 -1.950228352e-08 1.163387826e-08 31.9896 1.00088 2.067069e+16
ROW 1.1 604 0.3 1 8.622483106e-08 1.167884762e-08 31.9896 1.00029 2.067069e+16
ROW 1.1 606 0.3 1 -2.151975450e-07 1.170368104e-08 31.9896 0.99929 2.067069e+16
ROW 1.1 607 0.3 1 3.448882354e-08 1.170651550e-08 31.9896 0.999176 2.067069e+16
ROW 1.1 608 0.3 1 1.108926348e-07 1.174353384e-08 31.9896 0.998597 2.067069e+16
ROW 1.1 609 0.3 1 -1.169143636e-07 1.170373225e-08 31.9896 0.998831 2.067069e+16
ROW 1.1 610 0.3 1 -4.024334773e-08 1.172754606e-08 31.9896 0.998764 2.067069e+16
ROW 1.1 611 0.3 1 5.425545092e-08 1.164647449e-08 31.9896 1.00083 2.067069e+16
ROW 1.1 612 0.3 1 1.451132960e-06 1.104875573e-08 31.9896 1.01384 2.067069e+16
ROW 1.1 613 0.3 1 -6.654204200e-07 1.209101159e-08 31.9896 0.99138 2.067069e+16
ROW 1.1 614 0.3 1 9.152030789e-08 1.167604722e-08 31.9896 0.999924 2.067069e+16
ROW 1.1 615 0.3 1 -8.420782059e-08 1.137474461e-08 31.9896 1.00638 2.067069e+16
ROW 1.1 616 0.3 1 2.771667952e-08 1.181608411e-08 31.9896 0.996653 2.067069e+16
ROW 1.1 601 0.3 0.3 1.095517851e-05 1.476335755e-06 31.9996 0.993191 1.506971e+17
ROW 1.1 602 0.3 0.3 1.578559765e-04 1.077644844e-06 31.9996 1.07447 1.506971e+17
ROW 1.1 603 0.3 0.3 -6.439493626e-06 1.424366385e-06 31.9996 1.00285 1.506971e+17
ROW 1.1 604 0.3 0.3 8.021946719e-06 1.420028563e-06 31.9996 1.00481 1.506971e+17
ROW 1.1 605 0.3 0.3 -5.005804096e-06 1.429948493e-06 31.9996 0.999958 1.506971e+17
ROW 1.1 606 0.3 0.3 -1.450681598e-05 1.459283023e-06 31.9996 0.99666 1.506971e+17
ROW 1.1 607 0.3 0.3 -5.340866353e-06 1.402529786e-06 31.9996 1.00618 1.506971e+17
ROW 1.1 608 0.3 0.3 1.957823654e-05 1.393538914e-06 31.9996 1.00709 1.506971e+17
ROW 1.1 609 0.3 0.3 -3.514085550e-06 1.402597335e-06 31.9996 1.00528 1.506971e+17
ROW 1.1 610 0.3 0.3 -5.852328310e-07 1.423731891e-06 31.9996 1.00311 1.506971e+17
ROW 1.1 611 0.3 0.3 5.348277748e-07 1.456443511e-06 31.9996 0.998849 1.506971e+17
ROW 1.1 612 0.3 0.3 -1.330046733e-05 1.478079230e-06 31.9996 0.992805 1.506971e+17
ROW 1.1 613 0.3 0.3 8.944894788e-06 1.403484107e-06 31.9996 1.00562 1.506971e+17
ROW 1.1 614 0.3 0.3 -1.153470784e-06 1.452166166e-06 31.9996 0.997941 1.506971e+17
ROW 1.1 615 0.3 0.3 -9.812415263e-07 1.456610725e-06 31.9996 0.997632 1.506971e+17
ROW 1.1 616 0.3 0.3 9.048399969e-06 1.439078078e-06 31.9996 0.999964 1.506971e+17
ROW 1.1 601 0.3 0.1 1.421905079e-03 1.531665659e-04 31.9977 0.931599 9.233256e+17
ROW 1.1 602 0.3 0.1 -1.235578971e-03 1.335614920e-04 31.9977 0.967495 9.233256e+17
ROW 1.1 603 0.3 0.1 6.964197149e-04 1.159069436e-04 31.9977 1.00083 9.233256e+17
ROW 1.1 604 0.3 0.1 1.869439013e-05 1.126930712e-04 31.9977 1.00558 9.233256e+17
ROW 1.1 605 0.3 0.1 -2.738146716e-05 1.193902513e-04 31.9977 0.995831 9.233256e+17
ROW 1.1 608 0.3 0.1 1.177056119e-02 2.187818502e-05 31.9977 1.51946 9.233256e+17
ROW 1.1 606 0.3 0.1 -3.380166183e-04 1.243795538e-04 31.9977 0.981449 9.233256e+17
ROW 1.1 607 0.3 0.1 -2.052734464e-04 1.137225286e-04 31.9977 1.00812 9.233256e+17
ROW 1.1 609 0.3 0.1 -2.186273428e-04 1.187877481e-04 31.9977 0.996097 9.233256e+17
ROW 1.1 610 0.3 0.1 -3.760942813e-05 1.184595669e-04 31.9977 1.00138 9.233256e+17
ROW 1.1 611 0.3 0.1 1.164018159e-04 1.179271822e-04 31.9977 1.00133 9.233256e+17
ROW 1.1 612 0.3 0.1 -1.039819789e-03 1.246990524e-04 31.9977 0.979522 9.233256e+17
ROW 1.1 613 0.3 0.1 5.913398172e-04 1.061446401e-04 31.9977 1.01791 9.233256e+17
ROW 1.1 614 0.3 0.1 -4.965385118e-04 1.326130686e-04 31.9977 0.964856 9.233256e+17
ROW 1.1 615 0.3 0.1 -1.541388428e-04 1.214399854e-04 31.9977 0.986702 9.233256e+17
ROW 1.1 616 0.3 0.1 1.969784073e-04 1.105790482e-04 31.9977 1.01238 9.233256e+17
ROW 1.1 601 0.3 0.03 4.553011859e-02 1.305592562e-02 31.9988 1.04934 6.731391e+18
ROW 1.1 602 0.3 0.03 -3.255204521e-02 1.626845531e-02 31.9988 0.976045 6.731391e+18
ROW 1.1 604 0.3 0.03 -1.774872432e-02 1.196026496e-02 31.9988 1.0261 6.731391e+18
ROW 1.1 603 0.3 0.03 7.446872582e-03 1.578019266e-02 31.9988 1.00529 6.731391e+18
ROW 1.1 608 0.3 0.03 7.648846174e-02 1.561256111e-02 31.9988 1.01664 6.731391e+18
ROW 1.1 605 0.3 0.03 -1.215557132e-03 1.643420337e-02 31.9988 0.984754 6.731391e+18
ROW 1.1 607 0.3 0.03 9.256048396e-02 3.171743056e-03 31.9988 1.46018 6.731391e+18
ROW 1.1 606 0.3 0.03 -2.472349299e-02 1.759319245e-02 31.9988 0.959791 6.731391e+18
ROW 1.1 610 0.3 0.03 -3.011961775e-02 1.465212240e-02 31.9988 1.00298 6.731391e+18
ROW 1.1 609 0.3 0.03 -8.331977317e-04 1.405458407e-02 31.9988 1.00009 6.731391e+18
ROW 1.1 611 0.3 0.03 -8.570907441e-03 1.408647058e-02 31.9988 1.02484 6.731391e+18
ROW 1.1 612 0.3 0.03 -1.613864424e-02 1.140724211e-02 31.9988 1.06156 6.731391e+18
ROW 1.1 613 0.3 0.03 4.726580390e-02 1.435738936e-02 31.9988 0.978848 6.731391e+18
ROW 1.1 614 0.3 0.03 9.801407069e-02 2.557779249e-02 31.9988 0.869407 6.731391e+18
ROW 1.2 601 0.3 1 1.029384680e-06 1.125820296e-08 31.9896 1.00904 2.067069e+16
ROW 1.2 602 0.3 1 1.204471145e-07 1.168771955e-08 31.9896 0.999657 2.067069e+16
ROW 1.2 603 0.3 1 -1.528194636e-08 1.151539959e-08 31.9896 1.00344 2.067069e+16
ROW 1.2 604 0.3 1 8.583772746e-08 1.167942444e-08 31.9896 1.00028 2.067069e+16
ROW 1.1 615 0.3 0.03 -1.665906258e-02 1.299566298e-02 31.9988 0.999471 6.731391e+18
ROW 1.2 605 0.3 1 -1.994566152e-08 1.163481153e-08 31.9896 1.00086 2.067069e+16
ROW 1.2 606 0.3 1 -2.033609299e-07 1.170326478e-08 31.9896 0.999295 2.067069e+16
ROW 1.1 616 0.3 0.03 6.682078739e-03 1.091141639e-02 31.9988 1.07231 6.731391e+18
ROW 1.2 607 0.3 1 3.470730111e-08 1.170683228e-08 31.9896 0.999171 2.067069e+16
ROW 1.2 608 0.3 1 1.132453201e-07 1.173596922e-08 31.9896 0.998769 2.067069e+16
ROW 1.2 609 0.3 1 -1.172805860e-07 1.170457539e-08 31.9896 0.998818 2.067069e+16
ROW 1.2 610 0.3 1 -4.122215184e-08 1.172764333e-08 31.9896 0.99876 2.067069e+16
ROW 1.2 611 0.3 1 5.422136883e-08 1.164658129e-08 31.9896 1.00083 2.067069e+16
ROW 1.2 612 0.3 1 1.104151192e-06 1.116969792e-08 31.9896 1.01109 2.067069e+16
ROW 1.2 613 0.3 1 -6.045545636e-07 1.205339451e-08 31.9896 0.992158 2.067069e+16
ROW 1.2 614 0.3 1 8.814450286e-08 1.167912976e-08 31.9896 0.999858 2.067069e+16
ROW 1.2 615 0.3 1 -8.630291689e-08 1.137245465e-08 31.9896 1.00641 2.067069e+16
ROW 1.2 616 0.3 1 2.774088148e-08 1.182283171e-08 31.9896 0.996515 2.067069e+16
ROW 1.2 601 0.3 0.3 9.007184595e-06 1.471419861e-06 31.9968 0.994486 1.805247e+17
ROW 1.2 602 0.3 0.3 -3.555011051e-06 1.437233791e-06 31.9968 1.00045 1.805247e+17
ROW 1.2 603 0.3 0.3 -2.013793070e-06 1.439119913e-06 31.9968 1.00016 1.805247e+17
ROW 1.2 604 0.3 0.3 1.080051610e-07 1.429498533e-06 31.9968 0.999728 1.805247e+17
ROW 1.2 605 0.3 0.3 3.366457709e-06 1.449553025e-06 31.9968 0.999538 1.805247e+17
ROW 1.2 607 0.3 0.3 -1.073855709e-05 1.432187780e-06 31.9968 1.00041 1.805247e+17
ROW 1.2 606 0.3 0.3 -3.930780759e-06 1.450742576e-06 31.9968 0.997409 1.805247e+17
ROW 1.2 608 0.3 0.3 8.999015550e-05 1.245716311e-06 31.9968 1.03856 1.805247e+17
ROW 1.2 609 0.3 0.3 -1.490601660e-05 1.421196525e-06 31.9968 1.00091 1.805247e+17
ROW 1.2 610 0.3 0.3 4.257264813e-07 1.448792766e-06 31.9968 1.00034 1.805247e+17
ROW 1.2 611 0.3 0.3 6.334500520e-06 1.441499009e-06 31.9968 0.99967 1.805247e+17
ROW 1.2 612 0.3 0.3 -9.697100663e-06 1.450546877e-06 31.9968 0.997952 1.805247e+17
ROW 1.2 613 0.3 0.3 7.225760626e-06 1.397116338e-06 31.9968 1.00671 1.805247e+17
ROW 1.2 614 0.3 0.3 -4.383602256e-06 1.623536621e-06 31.9968 0.972142 1.805247e+17
ROW 1.2 615 0.3 0.3 -3.672765204e-06 1.450391284e-06 31.9968 0.99868 1.805247e+17
ROW 1.2 616 0.3 0.3 2.394226993e-06 1.447157369e-06 31.9968 1.00083 1.805247e+17
ROW 1.2 601 0.3 0.1 4.289953451e-03 2.814400212e-04 31.9977 0.793842 1.304232e+18
ROW 1.2 603 0.3 0.1 3.341880988e-04 1.116630180e-04 31.9977 1.00306 1.304232e+18
ROW 1.2 602 0.3 0.1 -6.647734010e-04 1.232600207e-04 31.9977 0.973758 1.304232e+18
ROW 1.2 604 0.3 0.1 -5.240225683e-04 1.179181664e-04 31.9977 1.00193 1.304232e+18
ROW 1.2 605 0.3 0.1 -4.305991180e-04 1.199922194e-04 31.9977 0.993787 1.304232e+18
ROW 1.2 608 0.3 0.1 1.995551970e-03 9.833988953e-05 31.9977 1.04176 1.304232e+18
ROW 1.2 607 0.3 0.1 -3.941063013e-04 1.169721985e-04 31.9977 1.00024 1.304232e+18
ROW 1.2 606 0.3 0.1 -5.591347516e-04 1.219152042e-04 31.9977 0.983274 1.304232e+18
ROW 1.2 609 0.3 0.1 -6.492716629e-04 1.237338065e-04 31.9977 0.985351 1.304232e+18
ROW 1.2 610 0.3 0.1 -1.039223219e-04 1.147101127e-04 31.9977 0.998489 1.304232e+18
ROW 1.2 611 0.3 0.1 5.497003964e-06 1.157146535e-04 31.9977 1.00007 1.304232e+18
ROW 1.2 612 0.3 0.1 -2.894141562e-04 1.200831008e-04 31.9977 0.997069 1.304232e+18
ROW 1.2 613 0.3 0.1 2.275077731e-03 4.567771126e-05 31.9977 1.24896 1.304232e+18
ROW 1.2 614 0.3 0.1 -1.612074566e-04 1.195250853e-04 31.9977 1.00054 1.304232e+18
ROW 1.2 615 0.3 0.1 -7.051360616e-04 1.204243164e-04 31.9977 0.977494 1.304232e+18
ROW 1.2 616 0.3 0.1 1.651835602e-04 1.012248473e-04 31.9977 1.01771 1.304232e+18
ROW 1.2 601 0.3 0.03 2.188836133e-02 1.016697340e-02 31.9964 1.05303 1.139034e+19
ROW 1.2 603 0.3 0.03 -4.588978203e-03 9.976584881e-03 31.9964 1.06438 1.139034e+19
ROW 1.2 604 0.3 0.03 -2.543224808e-02 1.033322518e-02 31.9964 1.0257 1.139034e+19
ROW 1.2 602 0.3 0.03 -5.435435200e-02 1.505680389e-02 31.9964 0.912146 1.139034e+19
ROW 1.2 608 0.3 0.03 5.497981922e-01 1.678931863e-05 31.9964 5.38993 1.139034e+19
ROW 1.2 605 0.3 0.03 -3.883863317e-02 1.071468895e-02 31.9964 1.00081 1.139034e+19
ROW 1.2 607 0.3 0.03 -3.104502404e-02 1.822979974e-02 31.9964 0.977564 1.139034e+19
ROW 1.2 606 0.3 0.03 -4.089804852e-02 2.162653672e-02 31.9964 0.949343 1.139034e+19
ROW 1.2 609 0.3 0.03 -3.492849025e-02 1.967850100e-02 31.9964 0.951 1.139034e+19
