ROW 501 1 1 3.838716168e-07 1.147219178e-08 32.0000 1.00359 2.067069e+16
ROW 504 1 1 4.543295005e-08 1.338847936e-08 32.0000 0.966555 2.067069e+16
ROW 503 1 1 -1.223653428e-08 1.278300137e-08 32.0000 0.976942 2.067069e+16
ROW 502 1 1 1.246283872e-06 1.116351789e-08 32.0000 1.01141 2.067069e+16
ROW 505 1 1 1.148695193e-07 1.116193980e-08 32.0000 1.0119 2.067069e+16
ROW 506 1 1 1.129986462e-06 1.096927979e-08 32.0000 1.01571 2.067069e+16
ROW 507 1 1 -1.957274964e-07 1.166014928e-08 32.0000 0.999924 2.067069e+16
ROW 508 1 1 1.960358092e-07 1.169270945e-08 32.0000 0.999725 2.067069e+16
ROW 509 1 1 3.940115394e-07 1.138351875e-08 32.0000 1.00508 2.067069e+16
ROW 510 1 1 -2.591518387e-07 1.165552879e-08 32.0000 1 2.067069e+16
ROW 511 1 1 -6.628833802e-08 1.151954985e-08 32.0000 1.00313 2.067069e+16
ROW 512 1 1 -2.380490671e-06 1.276699635e-08 32.0000 0.978422 2.067069e+16
ROW 513 1 1 -1.883945760e-06 1.255260877e-08 32.0000 0.981929 2.067069e+16
ROW 514 1 1 -1.913158796e-07 1.166590023e-08 32.0000 0.999919 2.067069e+16
ROW 515 1 1 -2.087882583e-08 1.172197773e-08 32.0000 0.998372 2.067069e+16
ROW 516 1 1 4.050648612e-07 1.093117970e-08 32.0000 1.01785 2.067069e+16
ROW 518 1 1 1.396762267e-07 1.180065656e-08 32.0000 0.998222 2.067069e+16
ROW 517 1 1 1.835586914e-07 1.230518753e-08 32.0000 0.986651 2.067069e+16
ROW 519 1 1 3.855715239e-07 1.142122710e-08 32.0000 1.00479 2.067069e+16
ROW 520 1 1 3.182447124e-08 1.172365958e-08 32.0000 0.999095 2.067069e+16
ROW 501 1 0.1 -1.445905591e-06 1.166420489e-04 32.0000 0.999633 2.067069e+16
ROW 502 1 0.1 -4.357795027e-07 1.166623615e-04 32.0000 0.999583 2.067069e+16
ROW 503 1 0.1 -1.094251744e-06 1.161528661e-04 32.0000 1.00069 2.067069e+16
ROW 504 1 0.1 2.733540545e-06 1.163264236e-04 32.0000 1.0003 2.067069e+16
ROW 505 1 0.1 2.862313711e-06 1.161565798e-04 32.0000 1.00067 2.067069e+16
ROW 506 1 0.1 2.441423467e-06 1.161811554e-04 32.0000 1.00062 2.067069e+16
ROW 507 1 0.1 2.420730033e-07 1.162091308e-04 32.0000 1.00056 2.067069e+16
ROW 508 1 0.1 -1.999397207e-06 1.166021903e-04 32.0000 0.999717 2.067069e+16
ROW 509 1 0.1 -5.948398789e-07 1.165276973e-04 32.0000 0.999861 2.067069e+16
ROW 510 1 0.1 -2.041463415e-07 1.162920417e-04 32.0000 1.00038 2.067069e+16
ROW 511 1 0.1 -4.703655683e-07 1.160839464e-04 32.0000 1.00082 2.067069e+16
ROW 512 1 0.1 -1.248962746e-06 1.164513614e-04 32.0000 1.00004 2.067069e+16
ROW 513 1 0.1 -9.896187337e-07 1.161001902e-04 32.0000 1.0008 2.067069e+16
ROW 514 1 0.1 1.010602099e-06 1.163349347e-04 32.0000 1.00028 2.067069e+16
ROW 515 1 0.1 -1.190105244e-06 1.165232826e-04 32.0000 0.999886 2.067069e+16
ROW 516 1 0.1 -7.531760440e-07 1.165987841e-04 32.0000 0.999722 2.067069e+16
ROW 517 1 0.1 -2.217508436e-06 1.164226986e-04 32.0000 1.00011 2.067069e+16
ROW 518 1 0.1 1.146999403e-06 1.162838932e-04 32.0000 1.0004 2.067069e+16
ROW 519 1 0.1 -1.676222321e-06 1.165833162e-04 32.0000 0.999759 2.067069e+16
ROW 520 1 0.1 -3.309805041e-07 1.164017300e-04 32.0000 1.00014 2.067069e+16
ROW 502 3 1 -1.134079790e-07 1.152260772e-08 32.0000 1.00181 2.067069e+16
ROW 501 3 1 1.421345680e-06 1.114636218e-08 32.0000 1.01029 2.067069e+16
ROW 503 3 1 6.378769024e-07 8.339239902e-09 32.0000 1.08812 2.067069e+16
ROW 504 3 1 2.046957513e-06 1.152270068e-08 32.0000 1.00358 2.067069e+16
ROW 505 3 1 6.459189796e-07 1.196070645e-08 32.0000 0.995273 2.067069e+16
ROW 506 3 1 5.579833429e-06 7.347750938e-09 32.0000 1.12907 2.067069e+16
ROW 507 3 1 -3.639238616e-07 1.160154559e-08 32.0000 1.00054 2.067069e+16
ROW 508 3 1 5.811179588e-07 1.163309803e-08 32.0000 1.00058 2.067069e+16
ROW 510 3 1 -4.135595067e-07 1.107292673e-08 32.0000 1.01313 2.067069e+16
ROW 509 3 1 5.678528055e-07 1.114389633e-08 32.0000 1.01168 2.067069e+16
ROW 511 3 1 -6.255880383e-07 1.156976501e-08 32.0000 1.00067 2.067069e+16
ROW 512 3 1 -1.136351892e-05 1.683057251e-08 32.0000 0.911148 2.067069e+16
ROW 513 3 1 -2.319120813e-07 1.014950446e-08 32.0000 1.03448 2.067069e+16
ROW 514 3 1 -4.314528026e-07 1.208588097e-08 32.0000 0.990858 2.067069e+16
ROW 515 3 1 -6.660837680e-08 1.193194401e-08 32.0000 0.992987 2.067069e+16
ROW 516 3 1 1.859165959e-06 8.789622131e-09 32.0000 1.06882 2.067069e+16
ROW 517 3 1 2.530834461e-06 9.392275062e-09 32.0000 1.05657 2.067069e+16
ROW 518 3 1 -6.595845225e-08 1.175886104e-08 32.0000 1.00148 2.067069e+16
ROW 519 3 1 8.521012105e-07 1.139883709e-08 32.0000 1.00828 2.067069e+16
ROW 520 3 1 9.329369147e-08 1.166422315e-08 32.0000 1.00065 2.067069e+16
ROW 501 3 0.1 -4.335744300e-06 1.170788409e-04 32.0000 0.998712 2.067069e+16
ROW 502 3 0.1 -1.298782721e-06 1.171395613e-04 32.0000 0.998564 2.067069e+16
ROW 503 3 0.1 -3.283467637e-06 1.156152618e-04 32.0000 1.00186 2.067069e+16
ROW 504 3 0.1 8.157475023e-06 1.161230913e-04 32.0000 1.00072 2.067069e+16
ROW 505 3 0.1 8.729707284e-06 1.156279572e-04 32.0000 1.00181 2.067069e+16
ROW 506 3 0.1 7.354920969e-06 1.157445502e-04 32.0000 1.00157 2.067069e+16
ROW 507 3 0.1 7.551498441e-07 1.157801912e-04 32.0000 1.00149 2.067069e+16
ROW 508 3 0.1 -5.961827268e-06 1.169522084e-04 32.0000 0.998977 2.067069e+16
ROW 509 3 0.1 -1.863744670e-06 1.167765468e-04 32.0000 0.999306 2.067069e+16
ROW 510 3 0.1 -6.264152588e-07 1.160288127e-04 32.0000 1.00094 2.067069e+16
ROW 511 3 0.1 -1.464429931e-06 1.154131397e-04 32.0000 1.00227 2.067069e+16
ROW 512 3 0.1 -3.784279613e-06 1.165126380e-04 32.0000 0.999906 2.067069e+16
ROW 513 3 0.1 -2.965677990e-06 1.154611187e-04 32.0000 1.00219 2.067069e+16
ROW 514 3 0.1 3.032166773e-06 1.161660666e-04 32.0000 1.00065 2.067069e+16
ROW 515 3 0.1 -3.573494578e-06 1.167224634e-04 32.0000 0.999469 2.067069e+16
ROW 516 3 0.1 -2.235083702e-06 1.169473181e-04 32.0000 0.998981 2.067069e+16
ROW 517 3 0.1 -6.657050601e-06 1.164225987e-04 32.0000 1.00014 2.067069e+16
ROW 518 3 0.1 3.391515606e-06 1.160227871e-04 32.0000 1.00096 2.067069e+16
ROW 520 3 0.1 -1.024299898e-06 1.163559127e-04 32.0000 1.00022 2.067069e+16
ROW 519 3 0.1 -5.052672669e-06 1.169040711e-04 32.0000 0.999086 2.067069e+16
ROW 501 10 1 -2.396829735e-05 3.291847227e-08 32.0000 0.775705 2.067069e+16
ROW 502 10 1 9.110905705e-06 7.529385752e-09 32.0000 1.11612 2.067069e+16
ROW 504 10 1 1.502723290e-06 1.576378338e-08 32.0000 0.927976 2.067069e+16
ROW 503 10 1 5.291900099e-07 9.967852087e-09 32.0000 1.04021 2.067069e+16
ROW 505 10 1 1.416989439e-05 1.234888260e-08 32.0000 0.978197 2.067069e+16
ROW 506 10 1 1.814709316e-05 2.637711887e-09 32.0000 1.41275 2.067069e+16
ROW 507 10 1 1.788436053e-06 1.141483291e-08 32.0000 1.0047 2.067069e+16
ROW 508 10 1 4.181279804e-07 1.021955469e-08 32.0000 1.03055 2.067069e+16
ROW 509 10 1 9.305480155e-06 7.061167903e-09 32.0000 1.13305 2.067069e+16
ROW 510 10 1 4.207929259e-06 4.527145415e-09 32.0000 1.24825 2.067069e+16
ROW 511 10 1 6.416225869e-07 7.873815077e-09 32.0000 1.09604 2.067069e+16
ROW 512 10 1 -2.511948310e-05 3.030531196e-08 32.0000 0.78949 2.067069e+16
ROW 513 10 1 -2.224142183e-06 1.261301637e-08 32.0000 0.986291 2.067069e+16
ROW 514 10 1 -2.013997283e-06 1.234724639e-08 32.0000 0.98887 2.067069e+16
ROW 515 10 1 2.451368621e-06 9.616258244e-09 32.0000 1.05425 2.067069e+16
ROW 516 10 1 3.405602988e-06 1.068334510e-08 32.0000 1.03067 2.067069e+16
ROW 517 10 1 8.473149330e-06 6.985694585e-09 32.0000 1.13978 2.067069e+16
ROW 518 10 1 -1.152436992e-06 1.351696384e-08 32.0000 0.959648 2.067069e+16
ROW 520 10 1 3.845228525e-07 9.527644569e-09 32.0000 1.05109 2.067069e+16
ROW 501 10 0.1 -1.442689849e-05 1.185909910e-04 32.0000 0.995558 2.067069e+16
ROW 519 10 1 1.457266999e-06 1.127227543e-08 32.0000 1.01437 2.067069e+16
ROW 502 10 0.1 -4.229460763e-06 1.187909235e-04 32.0000 0.995076 2.067069e+16
ROW 503 10 0.1 -1.095749425e-05 1.137595886e-04 32.0000 1.00598 2.067069e+16
ROW 504 10 0.1 2.661803202e-05 1.153090062e-04 32.0000 1.00243 2.067069e+16
ROW 505 10 0.1 3.072215060e-05 1.138542610e-04 32.0000 1.00568 2.067069e+16
ROW 506 10 0.1 2.498650636e-05 1.147328238e-04 32.0000 1.0038 2.067069e+16
ROW 507 10 0.1 2.854230148e-06 1.142653797e-04 32.0000 1.00481 2.067069e+16
ROW 508 10 0.1 -1.942105137e-05 1.180804834e-04 32.0000 0.996611 2.067069e+16
ROW 509 10 0.1 -7.299905842e-06 1.180553960e-04 32.0000 0.99652 2.067069e+16
ROW 510 10 0.1 -2.251930360e-06 1.150931622e-04 32.0000 1.00296 2.067069e+16
ROW 511 10 0.1 -5.517473882e-06 1.131480224e-04 32.0000 1.00723 2.067069e+16
ROW 512 10 0.1 -1.304947054e-05 1.167728346e-04 32.0000 0.999355 2.067069e+16
ROW 513 10 0.1 -9.847404528e-06 1.132899429e-04 32.0000 1.007 2.067069e+16
ROW 514 10 0.1 1.010933662e-05 1.156496505e-04 32.0000 1.00176 2.067069e+16
ROW 515 10 0.1 -1.194674769e-05 1.174028782e-04 32.0000 0.998052 2.067069e+16
ROW 516 10 0.1 -7.163505844e-06 1.181322936e-04 32.0000 0.996482 2.067069e+16
ROW 517 10 0.1 -2.224159875e-05 1.164255438e-04 32.0000 1.00024 2.067069e+16
ROW 518 10 0.1 1.073128094e-05 1.152877435e-04 32.0000 1.00257 2.067069e+16
ROW 519 10 0.1 -1.710911832e-05 1.180236870e-04 32.0000 0.996756 2.067069e+16
ROW 520 10 0.1 -3.798903882e-06 1.161603579e-04 32.0000 1.00061 2.067069e+16
