ROW 401 0.3 1 2.886287324e-08 1.167617416e-08 32.0000 1.00002 2.067069e+16
ROW 402 0.3 1 -7.062955334e-07 1.187094092e-08 32.0000 0.995774 2.067069e+16
ROW 404 0.3 1 -1.396512973e-07 1.161244675e-08 32.0000 1.00111 2.067069e+16
ROW 403 0.3 1 9.683161888e-08 1.166461808e-08 32.0000 1.00033 2.067069e+16
ROW 406 0.3 1 -1.076251567e-07 1.179338429e-08 32.0000 0.997061 2.067069e+16
ROW 405 0.3 1 -1.955717173e-07 1.163750143e-08 32.0000 1.00089 2.067069e+16
ROW 407 0.3 1 2.119960442e-07 1.156725800e-08 32.0000 1.00269 2.067069e+16
ROW 408 0.3 1 -3.560405873e-08 1.174665677e-08 32.0000 0.998389 2.067069e+16
ROW 409 0.3 1 1.839796451e-07 1.137661475e-08 32.0000 1.00633 2.067069e+16
ROW 410 0.3 1 7.811636511e-09 1.164501526e-08 32.0000 1.00065 2.067069e+16
ROW 411 0.3 1 -1.335197875e-07 1.142181107e-08 32.0000 1.00539 2.067069e+16
ROW 412 0.3 1 1.851475036e-07 1.166075113e-08 32.0000 1.00048 2.067069e+16
ROW 414 0.3 1 1.120954524e-07 1.188185112e-08 32.0000 0.99576 2.067069e+16
ROW 413 0.3 1 2.070681261e-07 1.163011466e-08 32.0000 1.00103 2.067069e+16
ROW 415 0.3 1 6.331453923e-08 1.168983230e-08 32.0000 0.999807 2.067069e+16
ROW 416 0.3 1 1.163553593e-07 1.222240451e-08 32.0000 0.988697 2.067069e+16
ROW 418 0.3 1 -1.089396871e-07 1.169872458e-08 32.0000 0.999432 2.067069e+16
ROW 417 0.3 1 5.037699390e-09 1.170664339e-08 32.0000 0.999415 2.067069e+16
ROW 419 0.3 1 1.854157864e-07 1.163371506e-08 32.0000 1.00065 2.067069e+16
ROW 420 0.3 1 3.843401180e-07 1.153495554e-08 32.0000 1.00327 2.067069e+16
ROW 401 0.3 0.3 1.048416297e-07 1.441506055e-06 32.0000 0.999825 2.067069e+16
ROW 403 0.3 0.3 -1.656543520e-07 1.441889049e-06 32.0000 0.999772 2.067069e+16
ROW 402 0.3 0.3 2.271837994e-07 1.438508966e-06 32.0000 1.00037 2.067069e+16
ROW 404 0.3 0.3 -8.303527215e-08 1.438430247e-06 32.0000 1.00042 2.067069e+16
ROW 405 0.3 0.3 3.624339228e-07 1.437756739e-06 32.0000 1.00051 2.067069e+16
ROW 406 0.3 0.3 -1.497313466e-08 1.440909466e-06 32.0000 0.999966 2.067069e+16
ROW 407 0.3 0.3 -3.814579918e-07 1.443146870e-06 32.0000 0.999568 2.067069e+16
ROW 408 0.3 0.3 -5.594749713e-07 1.441379855e-06 32.0000 0.999888 2.067069e+16
ROW 409 0.3 0.3 -2.567581666e-07 1.445012825e-06 32.0000 0.999246 2.067069e+16
ROW 411 0.3 0.3 3.064778551e-07 1.440059782e-06 32.0000 1.00009 2.067069e+16
ROW 410 0.3 0.3 3.298959795e-08 1.439858739e-06 32.0000 1.00013 2.067069e+16
ROW 412 0.3 0.3 -1.644340559e-07 1.443805026e-06 32.0000 0.99946 2.067069e+16
ROW 413 0.3 0.3 -2.696833697e-07 1.440833038e-06 32.0000 0.999975 2.067069e+16
ROW 414 0.3 0.3 1.358497035e-07 1.442134466e-06 32.0000 0.999743 2.067069e+16
ROW 415 0.3 0.3 -7.724920623e-08 1.442156935e-06 32.0000 0.999764 2.067069e+16
ROW 416 0.3 0.3 2.113449726e-07 1.440251382e-06 32.0000 1.00008 2.067069e+16
ROW 417 0.3 0.3 -6.897829644e-07 1.443903675e-06 32.0000 0.999467 2.067069e+16
ROW 419 0.3 0.3 -4.290706440e-08 1.440875441e-06 32.0000 0.99996 2.067069e+16
ROW 418 0.3 0.3 -2.016488773e-07 1.441878658e-06 32.0000 0.999812 2.067069e+16
ROW 420 0.3 0.3 -3.876001932e-07 1.441644932e-06 32.0000 0.999843 2.067069e+16
ROW 401 0.3 0.1 -2.675572303e-07 1.163831442e-04 32.0000 1.00018 2.067069e+16
ROW 402 0.3 0.1 6.478770142e-08 1.164112265e-04 32.0000 1.00012 2.067069e+16
ROW 403 0.3 0.1 1.677144942e-07 1.164347440e-04 32.0000 1.00007 2.067069e+16
ROW 404 0.3 0.1 -3.247704441e-07 1.163667392e-04 32.0000 1.00022 2.067069e+16
ROW 405 0.3 0.1 4.960043471e-07 1.163593049e-04 32.0000 1.00023 2.067069e+16
ROW 406 0.3 0.1 2.899448906e-07 1.163585501e-04 32.0000 1.00023 2.067069e+16
ROW 407 0.3 0.1 -5.146645536e-07 1.163428697e-04 32.0000 1.00027 2.067069e+16
ROW 408 0.3 0.1 -6.535642825e-07 1.163515982e-04 32.0000 1.00025 2.067069e+16
ROW 410 0.3 0.1 -4.305700701e-07 1.163796615e-04 32.0000 1.00019 2.067069e+16
ROW 409 0.3 0.1 3.493460712e-07 1.165121670e-04 32.0000 0.999901 2.067069e+16
ROW 411 0.3 0.1 2.153457685e-07 1.163626689e-04 32.0000 1.00023 2.067069e+16
ROW 412 0.3 0.1 6.109597243e-08 1.164567475e-04 32.0000 1.00002 2.067069e+16
ROW 413 0.3 0.1 -6.096561574e-07 1.163977027e-04 32.0000 1.00015 2.067069e+16
ROW 414 0.3 0.1 8.362692667e-07 1.164577883e-04 32.0000 1.00002 2.067069e+16
ROW 415 0.3 0.1 -1.286545258e-07 1.165603508e-04 32.0000 0.999803 2.067069e+16
ROW 416 0.3 0.1 -8.974426847e-08 1.165188338e-04 32.0000 0.999893 2.067069e+16
ROW 417 0.3 0.1 1.135091937e-08 1.164218457e-04 32.0000 1.0001 2.067069e+16
ROW 418 0.3 0.1 3.302326636e-09 1.163675703e-04 32.0000 1.00022 2.067069e+16
ROW 419 0.3 0.1 -4.330491313e-07 1.163970301e-04 32.0000 1.00015 2.067069e+16
ROW 420 0.3 0.1 -6.366391755e-07 1.164775813e-04 32.0000 0.99998 2.067069e+16
ROW 401 0.3 0.03 -6.652156067e-07 1.296237586e-02 32.0000 1.02125 2.067069e+16
ROW 403 0.3 0.03 1.130399155e-07 1.296007001e-02 32.0000 1.0213 2.067069e+16
ROW 402 0.3 0.03 -3.041867131e-07 1.295999495e-02 32.0000 1.0213 2.067069e+16
ROW 404 0.3 0.03 -5.679243163e-07 1.297063137e-02 32.0000 1.02109 2.067069e+16
ROW 405 0.3 0.03 -2.717998952e-07 1.296280019e-02 32.0000 1.02125 2.067069e+16
ROW 406 0.3 0.03 9.624749078e-09 1.296603353e-02 32.0000 1.02118 2.067069e+16
ROW 407 0.3 0.03 -3.790657543e-07 1.296928041e-02 32.0000 1.02112 2.067069e+16
ROW 408 0.3 0.03 -2.130785522e-06 1.296817450e-02 32.0000 1.02114 2.067069e+16
ROW 409 0.3 0.03 5.232809775e-07 1.295764737e-02 32.0000 1.02135 2.067069e+16
ROW 411 0.3 0.03 6.065276094e-08 1.296782542e-02 32.0000 1.02115 2.067069e+16
ROW 410 0.3 0.03 -6.630640026e-07 1.296172549e-02 32.0000 1.02127 2.067069e+16
ROW 412 0.3 0.03 2.227521405e-07 1.295247317e-02 32.0000 1.02145 2.067069e+16
ROW 413 0.3 0.03 -1.112464240e-06 1.296667065e-02 32.0000 1.02117 2.067069e+16
ROW 414 0.3 0.03 1.950643122e-06 1.295878334e-02 32.0000 1.02133 2.067069e+16
ROW 415 0.3 0.03 9.121711304e-07 1.295041214e-02 32.0000 1.02149 2.067069e+16
ROW 416 0.3 0.03 6.145271535e-07 1.295432486e-02 32.0000 1.02141 2.067069e+16
ROW 417 0.3 0.03 -1.212625135e-06 1.296084257e-02 32.0000 1.02128 2.067069e+16
ROW 418 0.3 0.03 -4.713422733e-07 1.296330202e-02 32.0000 1.02124 2.067069e+16
ROW 419 0.3 0.03 -7.802647752e-07 1.296286710e-02 32.0000 1.02124 2.067069e+16
ROW 420 0.3 0.03 2.913822027e-07 1.296611965e-02 32.0000 1.02118 2.067069e+16
