=== classical ===
  seed photon    L before     L after  surrendered        e^2      E [eV]  E/quantum
    42      1    1.000027    0.577362     0.422665   0.000000   13.604509    13.6065
    42      2    0.577416    0.273285     0.304131   0.000000   70.670787    70.7271
    42      3    0.278142    0.096794     0.181348   0.000000  634.225835   673.0862
    43      1    1.000024    0.577360     0.422664   0.000000   13.604667    13.6065
    43      2    0.577490    0.273322     0.304168   0.000000   70.645951    70.7279
    43      3    0.279997    0.097645     0.182352   0.000000  621.719358   672.1160
    44      1    1.000275    0.577496     0.422779   0.000000   13.595043    13.6064
    44      2    0.577625    0.273409     0.304216   0.000000   70.597627    70.6779
    44      3    0.300528    0.094497     0.206031   0.000000  670.180030   670.2551
    45      1    1.000052    0.577362     0.422690   0.000000   13.604534    13.6064
    45      2    0.577277    0.273207     0.304070   0.000000   70.722657    70.7271
    45      3    0.277082    0.096471     0.180611   0.000000  638.992360   674.1473
    46      1    1.000152    0.577427     0.422726   0.000000   13.599942    13.6064
    46      2    0.578707    0.273977     0.304731   0.000000   70.216127    70.7029
    46      3    0.275783    0.095886     0.179897   0.000000  648.502435   667.8725
    47      1    1.000067    0.577382     0.422684   0.000000   13.603081    13.6064
    47      2    0.578471    0.273859     0.304612   0.000000   70.290771    70.7194
    47      3    0.294019    0.094662     0.199357   0.000000  667.751792   667.8431
    48      1    1.000110    0.577391     0.422720   0.000000   13.602501    13.6064
    48      2    0.578194    0.273712     0.304482   0.000000   70.388746    70.7165
    48      3    0.277574    0.096695     0.180879   0.000000  636.039772   669.4449
    49      1    1.000265    0.577488     0.422778   0.000000   13.595648    13.6064
    49      2    0.577864    0.273545     0.304319   0.000000   70.506503    70.6808
    49      3    0.298060    0.094576     0.203484   0.000000  669.021160   669.0991
emissions 24; surrendered mean 0.3054 range 0.1799..0.4228; e^2<0 in 0; E/quantum mean 0.9879

=== spin ===
  seed photon    L before     L after  surrendered        e^2      E [eV]  E/quantum
    42      1    1.000027    0.943721     0.056307   0.000000    0.835308    13.6065
    42      2    0.943716    0.347714     0.596003   0.000000   16.187079    16.1890
    43      1    1.000024    0.648658     0.351366   0.000000    9.364962    13.6065
    44      1    1.000275    0.309672     0.690604   0.000000   13.595043    13.6064
    45      1    1.000122    0.946746     0.053376   0.000000    0.786154    13.6078
    45      2    0.946671    0.781843     0.164828   0.000037    3.538500    16.0354
    45      3    0.781923    0.331233     0.450690   0.000000   28.456852    28.4762
    46      1    1.000152    0.446634     0.553518   0.000000   13.599942    13.6064
    47      1    1.000140    0.822475     0.177665   0.000000    3.253153    13.6071
    47      2    0.822428    0.626789     0.195639   0.000000    7.257949    24.4599
    47      3    0.629600    0.558369     0.071232   0.000000    4.496169    55.2891
    48      1    1.000182    0.546304     0.453878   0.000000   13.598198    13.6072
    49      1    1.000265    0.772253     0.228013   0.000000    4.603906    13.6064
    49      2    0.772486    0.612254     0.160232   0.000000    6.738755    29.5506
    49      3    0.613373    0.425853     0.187521   0.000000   19.359356    59.3051
emissions 15; surrendered mean 0.2927 range 0.0534..0.6906; e^2<0 in 0; E/quantum mean 0.5024

