=== axial ===
  seed photon    L before     L after  surrendered        e^2      E [eV]  E/quantum
    42      1    1.000027    0.000027     1.000000   0.000000    0.835308    13.6065
    43      1    1.000024    0.000024     1.000000   0.000000    9.364962    13.6065
    44      1    1.000275    0.000275     1.000000   0.000000   13.595043    13.6064
    45      1    1.000122    0.000122     1.000000   0.000000    0.786154    13.6078
    46      1    1.000152    0.000152     1.000000   0.000000   13.599942    13.6064
    47      1    1.000140    0.000140     1.000000   0.000000    3.253153    13.6071
    48      1    1.000182    0.000182     1.000000   0.000000   13.598198    13.6072
    49      1    1.000265    0.000265     1.000000   0.000000    4.603906    13.6064
emissions 8; surrendered mean 1.0000 range 1.0000..1.0000; e^2<0 in 0; E/quantum mean 0.5479

